675703
760069
810583
1396961
1671941
2070351
2217711
4426901
4816061
5246981
5761532
5818312
5943622
6161972
6293572
6309142
6517122
6543702
6569272
6912792
7043642
7676332
7732702
7797622
7831282
7840452
8012092
8062052
8488822
8539102
8778602
8970972
9065382
9230272
10031312
10388182
10478502
10647292
10778472
10892992
11014202
11148162
11529442
11604202
11647082
12304262
12516612
12543172
12707982
12747162
12985142
13332512
13394502
13488482
13564312
13860822
14022802
14070119
14071659
14074456
14121858
14162509
14163109
14180348
14190009
14241814
14253000
14302842
14308330
14312201
14343366
14353045
14371480
14371746
14460582
14463346
14473592
14490905
14493448
14596856
14609249
14619878
14622521
14659577
14700915
14723131
14733390
14756888
14760670
14772094
14823462
14918120
14935183
15014476
15015733
15024696
15037476
15069056
15096670
15105912
15118722
15153236
15198638
15205541
15207385
15218112
15220936
15240198
15285624
15344797
15370887
15396091
15404147
15419003
15446742
15472206
15480376
15568090
15637080
15650934
15653527
15667953
15688192
15690470
15764556
15773608
15819487
15871823
15887287
15915083
15939938
15968406
15973505
16009429
16019049
16023458
16037167
16053183
16054738
16055925
16075557
16091304
16121049
16138650
16152925
16181447
16267655
16299398
16331888
16333793
16343441
16375674
16383617
16391618
16447258
16460194
16481756
16506825
16602169
16663011
16684944
16733211
16739628
16779674
16814099
16815843
16817631
16851890
16863045
16917516
16929356
16937393
16940272
17001061
17065676
17121606
17141111
17192291
17220166
17266392
17271696
17300543
17328515
17394041
17451860
17482443
17495132
17611630
17644995
17658372
17660835
17684179
17739734
17741104
17756071
17799485
17853823
17858135
17885639
17885741
17913724
17919341
17924012
17938192
17945311
17975724
17987956
18086358
18095543
18106889
18134068
18149134
18170384
18313436
18319790
18335592
18335620
18339751
18372792
18373340
18403792
18527544
18540368
18566555
18579000
18612811
18618278
18636213
18645613
18652932
18693314
18711145
18713090
18736861
18742759
18794068
18796511
18821366
18874628
18939226
18987763
19049396
19062512
19115828
19140713
19184016
19229185
19251085
19275680
19292403
19320282
19320541
19328298
19395254
19489800
19497098
19505669
19521995
19536755
19549406
19581335
19581366
19623323
19684337
19698870
19736079
19757317
19779457
19797620
19801728
19849204
19854100
19858875
19905286
19909473
19928103
19993244
19993826
20046784
20064098
20095848
20116107
20176676
20208951
20224517
20282315
20299496
20302227
20314239
20330395
20347775
20367547
20386377
20394720
20488488
20504582
20514473
20541636
20541656
20545949
20550365
20574410
20621576
20664822
20672966
20681902
20717697
20770660
20773194
20805829
20814128
20829903
20835914
20876131
20929049
20945074
21088580
21098939
21105345
21111483
21147383
21156992
21177839
21178038
21213574
21294642
21333599
21363569
21426975
21489160
21502859
21536902
21557624
21604672
21609821
21631841
21721770
21728205
21763476
21786896
21798445
21818718
21831675
21856915
21897865
21939869
21973532
21992920
22014482
22016764
22032247
22038964
22074462
22182294
22226197
22228438
22252765
22254102
22270962
22271333
22282573
22285733
22311494
22362043
22384371
22387782
22425558
22475572
22486897
22527897
22565375
22589700
22621158
22666002
22677715
22711691
22752037
22755731
22758774
22812450
22856672
22863813
22897818
22909958
22922998
22967466
23010173
23033270
23062131
23069658
23105520
23239805
23254922
23283915
23329908
23334171
23357546
23391432
23398578
23457633
23608019
23738914
23767183
23854223
23860129
23898193
23909154
23909162
23929077
23947403
23950195
24016642
24097980
24192188
24328808
24338245
24342391
24348071
24360948
24395330
24425611
24450880
24472056
24478686
24506404
24551719
24562008
24563862
24628100
24629246
24639266
24707636
24812932
24854404
24993637
25076261
25135527
25166961
25184118
25206100
25211270
25265765
25324364
25386261
25406194
25416331
25436835
25478715
25479865
25675138
25679225
25682292
25697851
25712051
25718820
25743794
25752829
25773332
25790994
25883756
25920400
25935638
25969557
25978653
25986919
26004763
26063587
26096980
26125429
26291967
26319328
26320961
26326415
26477105
26483166
26630601
26657159
26679274
26682507
26802896
26806996
26841726
27002726
27010341
27019150
27039368
27128221
27128395
27141025
27155372
27190785
27201838
27254321
27294925
27299481
27394553
27401738
27428531
27480916
27584385
27639943
27682020
27696628
27775589
27786850
27788146
27792449
27815374
27861324
27871114
27912840
27950541
28010082
28012619
28013932
28056707
28135453
28158592
28193244
28239803
28273053
28382130
28390637
28399582
28417879
28460031
28472104
28530000
28578607
28592375
28600400
28680254
28681854
28718603
28875506
28899723
28908042
28927848
28938078
28948328
28998288
29031426
29150921
29253771
29303003
29314385
29371009
29394437
29400172
29418925
29489095
29495529
29515378
29633629
29653187
29699520
29720125
29750634
29771198
29863786
29914270
30012262
30106288
30152898
30243776
30343236
30345387
30367652
30369686
30373301
30432399
30517084
30596554
30598602
30621530
30638466
30673115
30721306
30733241
30755085
30807251
30811502
30893959
30908481
30909367
30920232
30940797
31081636
31124883
31131321
31160126
31227203
31234639
31330890
31333943
31387629
31424362
31425409
31481370
31563346
31594583
31602421
31872915
31897092
32229474
32232128
32327501
32375623
32501329
32593340
32630963
32701772
32713831
32733418
32743228
32749514
32761629
32794496
32821969
32828761
32833343
32916265
32943359
33012061
33016765
33028816
33031103
33031271
33093933
33158416
33158891
33179648
33202822
33311975
33321428
33336593
33453568
33459021
33465863
33533990
33534737
33604791
33624293
33671284
33735277
33739315
33846507
33856130
33860150
33878687
33885718
33995295
34028985
34039601
34087797
34095068
34098692
34130476
34252962
34254658
34383520
34405497
34432202
34533347
34565803
34651320
34712365
34844099
34880928
34923875
34963035
34984745
34988016
35004773
35012724
35021987
35049847
35091604
35103588
35133054
35182521
35204582
35205138
35208660
35218804
35226023
35230908
35238152
35264833
35410491
35478794
35522227
35531787
35551312
35569940
35593420
35672087
35676472
35736282
35754352
35776273
35835013
35841600
35842222
35873849
35925995
35957625
35977963
35984949
36064932
36216101
36255222
36257664
36263891
36266003
36287764
36310003
36310436
36323125
36438444
36466527
36492267
36575645
36620706
36621780
36671238
36677987
36691727
36699056
36716894
36722610
36851820
36912520
36984717
37007436
37139784
37262954
37273655
37277193
37312534
37388691
37389606
37433859
37445265
37525085
37635009
37659072
37717860
37792522
37829419
37886271
37889597
37958973
38093125
38168039
38171557
38191721
38230780
38249437
38272869
38285151
38383478
38406510
38467276
38575608
38608477
38626571
38665546
38701938
38740835
38754740
38793022
38811110
39002336
39026986
39042421
39051635
39200245
39250341
39311062
39328270
39382082
39450959
39460569
39498918
39515158
39652747
39696525
39778336
39807664
39839318
39857019
39877073
39917186
39955738
39961552
39964318
39983401
40002058
40123236
40178015
40191367
40310660
40402376
40411853
40433113
40471089
40525902
40561137
40612650
40614843
40639129
40771048
40817843
40832403
40894072
40923015
40937778
41014175
41026935
41110790
41169059
41169722
41188469
41307726
41330546
41345577
41408996
41430254
41449998
41468522
41474565
41562923
41583223
41592605
41655655
41697632
41707536
41776960
41818613
41869213
41885193
41921430
41984609
42002960
42055251
42078754
42107956
42188046
42202925
42259050
42315863
42358980
42444511
42461854
42535334
42577934
42729153
42807837
42837842
42841018
42870196
43001478
43067711
43085314
43137228
43157011
43280135
43303249
43366358
43476486
43657563
43844047
43855376
43874073
43874745
43950449
43952757
43954410
43960615
43964689
44036518
44079806
44114491
44123947
44137551
44163137
44238937
44291198
44300211
44316660
44317039
44363391
44394497
44408759
44442434
44452226
44503810
44540906
44685875
44759772
44886710
44909294
44957924
45040435
45044857
45051551
45064214
45071170
45194506
45197481
45236063
45255294
45300792
45301492
45439613
45501098
45714268
45773548
45844333
45885542
45895957
45930873
45985161
46053933
46117304
46119163
46177166
46184647
46226880
46309548
46324051
46358756
46366422
46388651
46487459
46566987
46625357
46626133
46663245
46666973
46680746
46748716
46816193
46838072
46925700
46939527
46939792
46942932
46951442
47014386
47061412
47123061
47219994
47239005
47255834
47258428
47270545
47456281
47548194
47569389
47715651
47864483
47942438
48084025
48120687
48180098
48223208
48339854
48437124
48476001
48588508
48589962
48607053
48675573
48681332
48752694
48773282
48776626
48874510
48890839
48895154
48951962
49014827
49034649
49037809
49046414
49106539
49115943
49237888
49275735
49284060
49322584
49344872
49359758
49393784
49485530
49558513
49592180
49635271
49681191
49688747
49698099
49763606
49799891
49915450
49919863
49926706
49937317
50091841
50110453
50118140
50163943
50203173
50257031
50339027
50367487
50423313
50440676
50445646
50500903
50548008
50567417
50619397
50653626
50855773
50900413
50955103
51037694
51315564
51377562
51429385
51437636
51443280
51533177
51705251
51707590
51760916
51772613
51774570
51775004
51849142
51914182
51920968
51999778
52038555
52339606
52353829
52415954
52416782
52496779
52607769
52614904
52664034
52691839
52792911
52853420
52917889
52941410
53071658
53083091
53083110
53159271
53330281
53347102
53591238
53601271
53610128
53621382
53669493
53671765
53905794
54017908
54086404
54162320
54181588
54223968
54317639
54347587
54348785
54373800
54389626
54397762
54436691
54495983
54500164
54508005
54509527
54619746
54679257
54700532
54838553
54857452
55104282
55116186
55118602
55169452
55169575
55195655
55228886
55301533
55436199
55663389
55758774
55764414
55767562
55783052
55814899
55960221
56027873
56099629
56154664
56156004
56229866
56351084
56422771
56438385
56442586
56460283
56482024
56506212
56718407
56752068
56856045
56917757
56956934
57024103
57141202
57264444
57266569
57278143
57316971
57453253
57465918
57467233
57574197
57620615
57647320
57745162
57763627
57839504
57888150
58044862
58140117
58141815
58179858
58308597
58327390
58383967
58410342
58417588
58453125
58460956
58512718
58571799
58591992
58725098
58826983
58888841
58962967
59087476
59109455
59134869
59179240
59181646
59377923
59392973
59397039
59418290
59476833
59489365
59895147
59951260
60029665
60110565
60147291
60198996
60220072
60282119
60300562
60327820
60381191
60584496
60631140
60684629
60717797
60727209
60835746
60908066
61120952
61160954
61192087
61263591
61406739
61483294
61632168
61648871
61775126
61805753
61945763
61974388
61997456
62013673
62028496
62050694
62094029
62152594
62355760
62422838
62430132
62441772
62470285
62487328
62593961
62678201
62678280
62719558
62931279
63009240
63092037
63131101
63164489
63170688
63187703
63211776
63222975
63295127
63365171
63366482
63521470
63546049
63569457
63603327
63682553
63733498
63777177
63959296
63979352
63984539
64053006
64073563
64099533
64144006
64182249
64241577
64252558
64280170
64314236
64599511
64600849
64636080
64665158
64771541
64873381
64939338
64943009
64989862
64993534
65006821
65011668
65038202
65054266
65224509
65254904
65267641
65325796
65333017
65339314
65427711
65443116
65478520
65496689
65691267
65750241
65784666
65830218
65920015
65957123
66119069
66180021
66247806
66256859
66584677
66654815
66846030
66885034
66920145
67180559
67197572
67207189
67226907
67233576
67274542
67376589
67389717
67443065
67457759
67513719
67680828
67686257
67798027
67946122
67972885
68110199
68594431
68617986
68720569
68732583
68743950
68764522
68932763
68940439
68940903
68947598
68991076
69032114
69310676
69462539
69503485
69670513
69677593
69679257
69794495
69836643
69901260
69955762
69962609
70040491
70064341
70085383
70094927
70536612
70725334
70869725
70908998
70929764
71046479
71057773
71105432
71155657
71156841
71192001
71422473
71425493
71501279
71596972
71698223
71755693
71771601
71807592
71860742
72004320
72033322
72034706
72085216
72170442
72194231
72242228
72258382
72425774
72446171
72446720
72470255
72513806
72528688
72774502
72814761
72878764
72955330
73047619
73048603
73132277
73182292
73329882
73352747
73356195
73423239
73620576
73873744
73881332
73965416
74104397
74226620
74239678
74280231
74302626
74374827
74432165
74470650
74488170
74558378
74558431
74687897
74730852
74746303
74784302
74871613
74930632
74939260
75003485
75004791
75128009
75184604
75249123
75470229
75485018
75526484
75718994
75831361
75834327
75876213
75890260
75908146
75932863
76074304
76216250
76217326
76284158
76317655
76389435
76404880
76407928
76603395
76632854
76682038
76772831
76933398
76994576
77085751
77151878
77160781
77178359
77180196
77408612
77433044
77477346
77491603
77492169
77560238
77586730
77630078
77653261
77685764
77725069
77844108
77919228
77926373
77978391
78030676
78110270
78161365
78164056
78171086
78285038
78304365
78335580
78374070
78382969
78470129
78558018
78676916
78742963
78876872
79107124
79108922
79110454
79125454
79330918
79407663
79471349
79566319
79634398
79659558
79745758
79766067
79772844
79876518
79919456
80190228
80221250
80232311
80371073
80640466
80665498
80807165
80807736
80921326
80950047
81105154
81187988
81246585
81261795
81308108
81417109
81561010
81578913
81606952
81770299
81811951
81862936
81904530
81994660
82009626
82191830
82244446
82319385
82409901
82457020
82506463
82644454
82644560
82664381
82770283
82810484
82849540
82869150
82907797
82932975
83026660
83046909
83078788
83140134
83154175
83180939
83333614
83347207
83642604
83891804
83931501
83946407
84134377
84159638
84197823
84263651
84304147
84345584
84405242
84483814
84492470
84532640
84574498
84709230
85027765
85132870
85145437
85187379
85245042
85282404
85367206
85387776
85392589
85471726
85472164
85474415
85565894
85568257
85682813
85720820
85841478
85848698
85915174
86043900
86084828
86184889
86223714
86376967
86426788
86505435
86732019
86785588
87166081
87166452
87201281
87232643
87299833
87333816
87344222
87520655
87535944
87578669
87688458
87693992
87723121
87806788
87889176
87899975
88042729
88092701
88204927
88247983
88450432
88626806
88698220
88912155
88938568
89010546
89271499
89410551
89481010
89632668
89667815
89671552
89796452
89835472
89949854
90009225
90022535
90096397
90109464
90112673
90307996
90435347
90486477
90549446
90639890
90727516
90856011
91049929
91067210
91069723
91243579
91297660
91361504
91376058
91439388
91443608
91471937
91528467
91745362
91750670
91774674
91783429
91985569
92129802
92181782
92300802
92312023
92316948
92329629
92417022
92440969
92547090
92560833
92585909
92647139
92672930
92674357
92755330
92785413
92838485
93032242
93059302
93209269
93217537
93238990
93256782
93345121
93375351
93388857
93410707
93552105
93555868
93870676
93905766
93924284
93987434
94068271
94129983
94166349
94215970
94227801
94238401
94248049
94350220
94538538
94682652
95035536
95038349
95047493
95055424
95080558
95266351
95290050
95319681
95385984
95551459
95558114
95655465
95706754
95860081
95913122
95944508
95977807
96169117
96179218
96270537
96298586
96339912
96431838
96480162
96516674
96521513
96580837
96629484
96670737
96694734
96823343
96841992
96876461
97038170
97128431
97195121
97230402
97263792
97356045
97501160
97567084
97662952
97682006
97701651
97792959
97981672
97986376
98057408
98165086
98187956
98350238
98455015
98466530
98694670
98883634
98943377
99147720
99189944
99282631
99522727
99619253
99637212
99682367
99728175
99895050
99975528
99990318
99991259
100202242
100723490
100898181
101041447
101070665
101076472
101169116
101186564
101209008
101235922
101249805
101252588
101311665
101318849
101342357
101393747
101533400
101597910
101644655
101664612
101724119
101818570
101897599
101934717
101973510
102015214
102254441
102282810
102388530
102462197
102570194
102660505
102673574
102807847
102814494
102822865
102936673
103145000
103151569
103215565
103297470
103317182
103362412
103531806
103548466
103576756
103606797
103652501
103680577
103766379
103792089
103821521
103886079
103887230
103888620
104058930
104099862
104215735
104236069
104304254
104370949
104371754
104503890
104510519
104525453
104556819
104705469
104719895
104739842
104788700
104793019
104827175
104880933
104943148
104977792
105412681
105450606
105508388
105927838
105928937
106164341
106210033
106247292
106254823
106342300
106428999
106475328
106553613
106638162
106726602
106794705
106819692
106895318
106901534
106940596
106982957
107053370
107055963
107173053
107231572
107279576
107315654
107403838
107418542
107484181
107577503
107651224
107703719
107752720
107766846
107774790
107790508
107856262
107886211
107888713
107919565
108022885
108032177
108059065
108142552
108165553
108178117
108377392
108500845
108506355
108581860
108589164
108621221
108688385
108761606
108771142
108802478
108911005
108925598
109000780
109037422
109081879
109117872
109122213
109266010
109477148
109508132
109536910
109543629
109564942
109959507
109988830
110014953
110067098
110107085
110139478
110200978
110221283
110248288
110432737
110509083
110584336
110646545
110740480
110836911
110858460
110885753
110953286
111093169
111106154
111187835
111272111
111372402
111589506
111589554
111620696
111694745
111931177
111933684
112190665
112269714
112322211
112331146
112368611
112402812
112507062
112663421
112694879
112773544
112938778
113058160
113077024
113106143
113621019
113697495
113767736
113773642
113779270
113794334
113993998
114072636
114155877
114277950
114298821
114395603
114405455
114450564
114461748
114891552
114963574
115048587
115052492
115122090
115145207
115176809
115183689
115229014
115270081
115281726
115353954
115371711
115447587
115550300
115747739
115750076
115779354
115893736
115897271
115935594
115959792
115960823
115985815
116017253
116099686
116119739
116158132
116302778
116338604
116359009
116423077
116556399
116601073
116712006
116834638
116838226
117061289
117090012
117090781
117214947
117337353
117413903
117598837
117778496
117904029
118118428
118165011
118201531
118380582
118429387
118437561
118513150
118627703
118675199
118733851
118781582
118816006
118915560
119037126
119107376
119137079
119193345
119246397
119256067
119302090
119546955
119578589
119693093
119715385
119737101
119874733
119907104
119913366
119915666
119924290
119968644
120018114
120029145
120090205
120135915
120180286
120215174
120269800
120300712
120335635
120647494
120724768
120779720
121080967
121234595
121262614
121301372
121310971
121343779
121435075
121616384
121697367
121709560
121741297
121903720
121999879
122028933
122126290
122276828
122286910
122388230
122660594
122678297
122715326
122726954
122775928
123010829
123165157
123288361
123375375
123507205
123566173
123601143
123647631
123748261
123817688
123854272
123881149
123945932
124059710
124114817
124154940
124218670
124337683
124341361
124426828
124731823
124745603
124768367
124810736
124866933
124900285
125120014
125164711
125189637
125375901
125424079
125431418
125436792
125445902
125461359
125462592
125523040
125541833
125546925
125674825
125997484
126026177
126048048
126091016
126150615
126292576
126372694
126415624
126436781
126481570
126537470
126598793
126694461
126766192
126897036
126901169
126926479
127017201
127093210
127181452
127325981
127541950
127580250
127700753
127762419
127772256
127820337
127922766
127972829
128039020
128062913
128064835
128097843
128224504
128236534
128245425
128352135
128535632
128779878
128928477
128936863
129166086
129218294
129248748
129383368
129571317
129588338
129641297
129714587
129790580
129826992
129950992
129976704
130248601
130386911
130391337
130466556
130507234
130558060
130586534
130589688
130752592
130841035
131031511
131210052
131217283
131337398
131530888
131535146
131536650
131565965
131710246
131723340
131818025
131934271
131970790
132240577
132251159
132271038
132490111
132517621
132579633
132760657
132814761
132922115
133028307
133096820
133126060
133257956
133443793
133472867
133519143
133575665
133601975
133702434
133736990
133884307
133933893
133936477
133956542
133967533
134017477
134103047
134141933
134396770
134507318
134747115
134783678
134814912
134829295
134899317
135250904
135349352
135363455
135414394
135434205
135529155
135560212
135604500
135660132
135736072
135752181
135769029
135782014
135939638
136190721
136395161
136437012
136493560
136514004
136528200
136691438
136919080
136962622
137064710
137079370
137222140
137318585
137391957
137581435
137794706
138023448
138029664
138047409
138148184
138222934
138293916
138309322
138322842
138385523
138392221
138460485
138782058
138800151
138821628
138860377
139215404
139255590
139346341
139400829
139416017
139430778
139557793
139611757
139750093
139848625
139865579
139996530
140020855
140100515
140139028
140192937
140291260
140300861
140428139
140572879
140721781
140828076
140936228
141098570
141165119
141342638
141352117
141387813
141499838
141507168
141571806
141668878
141764968
141765524
141771592
141877319
141908869
141920163
141947126
142037864
142101386
142123074
142137474
142162929
142273969
142334498
142421898
142808576
142912391
142922585
143167116
143497133
143568879
143835908
143840452
143894473
144003344
144087939
144172782
144219726
144288826
144365663
144463919
144581051
144724223
144802351
144864210
144895948
144941608
144953158
144986566
145003170
145163243
145224719
145449701
145476494
145841597
145842389
146197220
146224046
146321586
146347115
146398335
146561481
146611285
146664049
146799835
146802396
146897207
147096829
147114284
147326822
147381223
147402170
147465600
147626554
147678133
147783451
147822529
147874521
147995736
148054966
148140690
148197450
148226277
148397909
148986879
149007530
149038349
149088122
149324763
149366495
149593250
149836167
149870681
149884809
149964314
149976183
150070814
150189461
150312539
150384901
150472394
150499770
150543524
150573199
150610097
150650740
150669573
150961918
151109899
151179290
151205654
151281028
151293948
151467152
151512054
151600808
151716861
151944507
152071965
152363808
152547435
152567081
152759222
152847542
153200514
153209962
153258043
153329600
153353158
153476080
153493866
153524475
153621529
153645790
153822126
154022522
154080251
154321777
154504785
154523558
154547739
154584409
154596796
154693477
154723637
154906185
154964538
155120198
155143182
155150886
155312402
155416871
155597695
155817249
156075914
156165681
156186500
156187612
156256157
156311759
156346942
156452177
156491016
156519028
156525613
156608735
156824915
156872497
156906873
156936755
157015635
157025804
157147358
157241754
157967640
158004231
158115720
158138487
158378009
158399215
158699895
158906667
159007013
159079310
159711597
159774496
160102349
160176284
160206760
160252836
160269720
160307715
160331557
160332628
160345551
160622526
160750733
160779656
160881174
161206621
161312950
161329942
161452419
161486384
161539842
161575207
161575463
161626848
161632352
161728516
161946395
162027172
162056606
162102227
162110886
162125249
162226620
162450761
162492322
162616404
162771501
163203168
163231454
163395419
163519465
163630345
163637735
163853224
163884623
164065007
164154640
164316429
164495673
164821467
164851078
164862452
164959964
165259658
165293803
165315050
165366945
165416408
165426109
165447997
165723349
165773170
165849444
165852748
165981415
166034495
166207191
166280998
166404017
166479024
166495560
166520643
166689093
166762393
166907322
167084999
167108704
167709849
167723510
167816367
167883790
167998019
168024344
168070874
168341153
168364094
168369950
168402431
168415412
168430357
168526511
168548902
168619192
168790166
168822336
168823922
168848485
169029869
169257923
169387335
169390205
169853676
169939517
170018566
170153819
170346685
170416613
170416731
170537243
170542274
170588749
170621991
170832354
170846174
171167239
171426775
172043295
172123413
172269511
172341869
172380216
172642571
172738553
172743125
172845773
172939325
172972353
173018230
173061534
173189752
173215754
173452996
173479473
173773734
173784846
173914764
174126842
174192837
174542764
174680780
174703418
174839009
174839732
174856156
174910560
175031896
175263846
175511453
175591137
175597867
175854146
176060238
176329010
176401886
176416189
176527467
176725035
176787227
176979781
176990583
177021240
177043404
177304397
177397283
177487216
177747242
178061193
178205810
178218610
178234998
178424227
178676138
178699702
178742879
178824925
178843174
179080564
179095603
179174857
179222585
179386343
179463741
179498659
179997383
180168281
180510981
180794735
180894720
181057711
181337640
181407785
181559149
181574946
181606257
181721022
181817647
181828893
181982496
182143506
182319362
182333735
182494290
182645503
182646770
183035565
183224890
183791144
183851310
183864669
184244860
184250551
184288454
184293833
184330508
184369137
184543370
184550807
184598906
184681041
184887019
184968115
184974004
185016428
185057515
185207596
185226115
185648390
185721163
185798831
185966397
186048507
186247092
186268614
186625106
186703251
186829475
187143417
187236106
187335161
187491541
187537913
187805921
187842735
187872567
188051775
188338374
188406105
188445724
188532452
188572424
188616160
188678318
188741615
188767118
188898465
189011315
189041033
189063886
189274724
189314922
189472795
189702632
189732322
190030262
190042005
190117509
190336882
190354007
190427587
190734698
190749021
190908621
190971758
190982496
191082511
191130932
191272359
191300212
191488606
191776051
191995547
192063264
192325870
192330097
192759860
192778349
192867869
192913789
192960594
193035715
193185055
193220368
193285938
193574649
193708731
194001388
194141330
194274924
194317623
194319239
194479525
194488894
194782689
194842484
194885985
194933909
195127015
195168906
195286276
195295679
195306695
195428568
195545477
195569000
195729559
195883944
196025729
196715224
196738802
196739689
197172234
197272680
197377020
197470746
197512759
197764861
197768222
197869980
197972272
198029042
198115412
198270663
198697074
198735664
198951363
199018048
199204563
199445476
199457096
199464451
199492063
199516110
199885460
199966149
199992914
200014282
200111687
200222647
200351318
200592010
200640598
200789823
200803839
200827441
200832766
200884982
200922435
201133624
201516399
201625488
201809766
201996612
202007172
202129987
202290868
202331984
202748586
202773634
202805837
202854687
203138399
203303409
203389621
203406012
203515081
203699752
204283726
204572584
204651436
204872686
205025852
205163758
205181166
205621147
206201309
206204901
206448773
206806774
206810759
206831304
206967310
207012120
207934301
207943039
208113090
208579419
208627421
208754070
208850462
209024493
209119299
209135882
209136857
209169133
209428652
209505717
209596646
209637083
210031086
210053358
210162465
210541883
210754487
210774597
210847841
210957914
211029295
211066492
211153038
211266629
211428306
211454071
211481341
211512423
211523308
212027089
212135320
212247048
212312495
212581052
212624494
212767318
212979186
213083605
213412177
213473189
213477025
213646048
213700674
213726446
213957602
213960617
214171473
214275810
214748274
214843239
215006279
215016029
215109995
215173406
215209025
215282365
215398075
215464218
215571123
215593934
215976963
216208524
216238354
216669332
216849844
216916532
217051849
217203711
217224144
217514102
217523237
217598332
217666667
217726101
217744375
217820744
217906833
218085100
218090674
218287070
218350156
218575306
219026182
219186804
219497678
219550381
219665123
219667378
219682805
219683969
220173026
220293704
220339237
220762555
220911294
220926443
221032481
221070364
221384974
221409119
221459804
221476827
221590995
221692920
221872372
221920731
222130837
222185233
222325455
222343387
222470653
222634044
222813712
223381909
223440528
223599121
223664682
223814785
223870833
224030094
224044210
224148796
224322495
224433933
224444550
224493551
224514946
224524728
224910171
225167460
225179626
225277172
225284282
225445118
225633326
225755999
225802133
226090841
226115922
226148537
226375286
226524208
226561927
226689760
226768195
226783717
226919440
226977170
227115866
227131717
227225203
227340220
227540519
227639639
227748987
227928103
228011022
228301840
228429101
228566763
228587397
228640193
228847087
228889856
228951920
229288510
229436077
229526597
229543213
229694515
229700274
229709814
229784169
229968483
230118131
230199833
230228980
230373994
230376810
230496191
230671301
230742528
230766567
230793063
230831249
230839535
231143005
231165667
231180328
231213103
231293107
231354997
231450343
231502078
231607296
231653466
231712805
231721854
231755087
232100252
232131825
232131965
232168361
232501295
232575678
232684655
232921277
232965129
233047611
233158551
233331083
233333004
233422311
233813738
234173786
234257966
234279690
234510704
234553302
234595360
234596278
235062187
235214519
235579100
235965195
236005956
236041388
236051765
236099722
236147037
236148998
236508736
236580539
237170625
237218550
237238410
237514506
237570676
237795976
237886996
237937664
237970313
238029424
238097972
238107727
238110924
238161490
238251223
238408183
238541521
238630684
238797615
238855350
238883478
238963246
239098286
239164703
239301584
239422061
239634604
239712243
239763037
239764386
239902997
239985207
239985288
240051308
240180330
240221561
240644655
240704324
240785884
240807576
241180911
241346216
241415586
241416314
241485682
241760396
241901187
241918824
241958010
241970696
242026390
242105124
242115149
242117801
242131229
242223136
242241149
242243351
242353427
242417993
242561206
242675425
242773452
242833356
242837035
243001005
243038407
243130738
243185019
243271972
243417644
243428586
243859724
243956250
244035241
244302599
244316040
244612016
244829979
244894575
245016465
245136832
245231198
245279357
245410172
245412858
245477183
245508000
245513775
245528773
245561252
245654254
245826203
245959316
245968540
246216709
246296078
246344012
246361691
246491090
246520284
246524982
246528576
246568459
246593763
246628082
246633486
246658715
246842865
246879121
247011016
247230677
247300382
247392416
247424925
247430225
247438693
247490922
247507758
247552752
247675860
247833807
247903554
247928881
247957227
248138387
248162957
248168054
248381761
248384281
248431000
248453338
248488829
248505258
248757822
248778843
248787345
248920643
249349935
249662800
249740683
249805069
249890917
250341880
250662720
250932174
250991060
251054109
251063093
251104723
251286393
251286884
251302054
251306375
251468438
251544458
251618551
251812711
251815921
251821515
251893625
251900850
252060384
252067068
252166079
252186083
252212252
252532369
252753643
253037220
253062080
253111673
253227521
253582800
253610432
253801599
253812075
253820985
253835674
253849882
253909064
253947305
254004143
254096004
254103227
254150479
254233183
254282882
254396945
254403979
254455421
254630337
254789302
254969883
255030996
255107481
255496332
255511759
255685858
256076995
256218501
256253261
256481519
256800115
256946523
256952177
257028890
257402878
257686962
257944907
258063570
258084930
258218146
258241333
258401015
258444816
258457008
258834104
258879624
258959921
259089390
259164469
259287087
259294785
259593961
259666393
259816748
260014798
260248162
260286137
260365852
260411928
260457752
260503264
260522120
260669601
260761578
260838830
260883187
260892462
260955632
261011482
261069062
261186431
261406152
261649708
261655393
261692423
261731709
261761913
261866284
261929007
262130095
262373448
262472673
262547682
262679026
262953021
262958631
263130224
263222957
263337790
263400087
264151928
264168694
264489325
264506192
264554677
264610045
264640713
264715277
264721938
264799462
265315035
265395032
265395382
265463929
265655053
265670359
265810629
265845177
265898282
265927679
265970952
266083434
266224012
266355486
266399259
266462826
266501207
266522656
266802445
266843649
266867736
266874764
266891227
266920865
266926778
266985792
267556283
267662129
267709185
267822966
268020924
268257080
268314194
268317049
268672783
268707653
268724757
269009976
269011144
269126425
269196738
269207508
269236115
269435473
269713697
269749150
269823013
270132650
270143465
270370592
270582856
270601685
270683957
270705492
270847872
270953430
271059394
271060614
271172166
271635591
271815527
271881612
271907932
271991543
272091434
272104910
272360866
272543999
272989705
273172213
273272813
273369494
273397728
273493631
273996508
274097241
274189297
274195067
274422511
274511870
274600581
274744461
274768774
274868524
274898701
274953845
275035758
275142023
275192138
275238029
275244899
275312110
275365005
275399391
275426828
275570716
275714999
275723886
275783673
276106854
276191603
276307404
276357624
276880027
277063827
277139212
277151003
277157213
277177828
277273894
277495349
277657546
277807429
278023872
278250471
278264929
278384076
278439372
278456784
278903750
279206981
279282112
279354365
279390077
279568958
279688913
279713203
279810918
279864454
279927644
280006741
280104951
280228213
280285168
280299119
280324697
280370438
280583276
280870083
280905644
281121957
281232909
281331221
281360879
281428545
281465955
281466808
281473778
281787818
281865377
281911977
282207924
282229226
282350948
282499032
282802094
282956819
283159650
283239288
283302413
283435879
283636365
283812660
283812907
283933386
283987219
284290738
284316593
284326179
284524936
284631488
284739219
284825608
284826389
284888773
284934126
284966787
284978554
285068295
285084155
285403162
285440164
285527166
285644709
285707499
285786406
285810201
285914539
285942515
285948009
285973779
286037832
286061937
286360528
286469790
286749673
286812867
286936056
286956091
287048417
287176932
287421314
287607132
287636214
287701687
287942222
288406250
288546079
288549417
288655390
288733778
288813353
289331040
289381115
289438218
289500450
289612863
289806524
289891383
290152730
290384744
290520941
290559635
290811473
290995934
291042868
291205255
291262992
291506055
291569262
291597729
291601611
291614875
291711935
291840542
291901983
291957151
292079445
292112751
292137230
292223169
292359715
292871214
292905092
292923753
293285463
293566520
293631041
293686520
293743549
293784077
293834224
294018450
294045623
294194214
294250856
294357268
294366910
294643173
294732647
294751661
294769403
294860641
295297559
295319497
295347648
295369175
295520324
295770044
296490397
296506165
296870981
297081200
297173009
297174347
297323453
297389550
297448940
297543002
297657309
297865290
297920017
297966187
298079867
298120317
298158283
298462560
298499644
298519850
298571681
298735877
299052281
299144128
299147476
299197846
299249726
300152513
300313467
300346545
300395444
300543873
300574638
301049938
301312937
301509527
301537598
301582850
301666093
301785168
302379329
302414933
302810679
303498867
303569238
303918492
304049678
304050073
304160477
304277100
304440635
305114214
305122606
305231291
305363533
305518459
305590899
305679531
305724956
305787285
305916849
305926744
306041489
306059151
306132846
306161824
306191105
306303934
306337584
307007407
307159509
307235840
307310956
307427111
307570639
307607110
307974178
308207798
308222821
308343283
308596147
308791906
309064436
309175433
309200224
309260038
309456692
309606792
309695708
309724786
309790987
309812848
309830868
309868232
309891459
310037633
310217317
310303220
310416251
310452121
310475146
310489034
310511726
310552191
310628443
310685862
310724881
310944492
311054464
311680209
311827931
312027113
312209516
312258562
312314269
312447864
312755454
313173177
313319609
313341388
313529722
313905529
313930819
313989136
314239926
314641368
314719084
314982027
315149393
315182176
315229801
315364716
315370528
315455071
315575365
315658954
315751356
316026126
316026790
316173857
316284479
316737355
316762600
317086413
317345528
317419772
317670454
317732484
318022945
318080118
318289519
318376754
318860340
318872576
318903265
319051789
319083591
319483571
319637390
319862266
320061434
320631960
320909953
321005059
321087371
321098645
321101378
321327750
321442341
321664565
321747513
322067257
322504971
322571701
322646119
323009314
323379258
323822466
323972474
324076018
324711494
324765408
324900404
325414169
325547105
325618253
325626421
325756751
325773831
325847536
326013020
326231586
326304652
326714468
326988835
327276111
327582137
327595526
327736079
327828230
328084417
328165978
328261058
328359304
328365844
328428432
328790729
329110310
329766497
329800382
329932261
330286942
330614289
330858699
330873023
330919029
331189249
331331558
331671140
331839823
332008606
332054209
332316561
332445220
332503961
332707063
333042151
333062755
333089966
333233479
333234422
333404097
333560296
334133863
334233245
334295449
334578867
334649974
334684143
335003809
335078213
335083606
335105815
335214179
335250536
335278366
335490548
335861870
335907019
336488011
336681155
337091378
337176529
337233341
337452825
337469563
337504963
337735998
337965847
337997738
338471199
338535992
338670912
338783355
339130323
339202738
339209424
339284725
339430631
339762075
339824229
339869692
339991250
339999991
340585499
340679134
340729091
341045856
341102524
341285287
341528673
341669675
341712274
341897805
341997803
342033512
342165104
342441219
342777849
342855150
342872287
343094822
343449729
343859464
344127729
344600398
344670809
344673118
344826693
344887715
344985112
345233638
345331070
345352715
345437397
345566309
345746864
345901831
345939969
346098880
346176838
346248318
346273819
346520122
346988671
346996007
347041752
347152885
347322865
347404874
347473075
347499279
347704632
347822502
347856797
347922538
348043466
348137575
348167590
348183529
348385298
348496673
348651597
348946278
349356222
349675283
349734012
349773113
349850545
350298666
350341433
351192177
351351943
351590725
351709928
351774488
351822975
351901867
351948807
352146620
352178085
352224289
352229600
352293200
352297189
352318950
352443434
352731658
352919859
353123482
353168678
353430492
353513359
353664627
353718640
354071000
354503769
354536048
354538782
354786088
354986368
355014922
355107931
355530289
355633819
355781204
355850293
356045458
356297952
356334254
356685717
356731509
356767261
356817032
357217837
357572089
357687844
357728476
357958298
358191508
358391450
358417417
358560049
358593743
359015191
359076096
359087790
359088266
359117023
359237807
359381935
359455620
359711955
359791572
359810445
360017031
360194347
360585337
360718412
360803432
360897119
360976765
361078918
361197691
361355729
361599497
361779868
361971846
362111160
362268932
362302055
362338059
362602488
362935090
363017806
363213384
363417523
363444510
363520645
363546023
363604508
363814516
363815505
364330536
364349836
364543104
364647264
364733384
364896785
365135467
365162257
365331470
365549800
365781464
365809164
365862372
366082731
366170513
366265464
366400567
366685681
366743735
366809754
366822335
367004262
367280803
367335297
367437667
367490241
367625604
367846068
367865915
367894161
368029614
368060007
368435600
368567452
368692585
368722913
368806984
368871625
368939380
369351668
369470799
370369723
370471689
370486647
370491021
370525233
370565638
370599581
370733823
370889626
370890604
370940336
371052562
371128019
371292731
371585866
371617772
372056867
372309675
372455436
372498361
372559098
372601907
372726055
373147966
373434485
373500599
373537347
373569232
374072640
374093298
374227467
374664056
374700978
374765703
374963893
375021275
375088757
375194028
375444637
375561519
375720401
375804802
375855943
375887535
376067777
376091876
376107371
376288861
376385286
376410894
376458700
376494509
376700119
376764195
377103016
377135131
377401796
377437586
377694375
377723556
377743297
377952656
378017486
378023546
378273172
378436818
378484656
378552382
378586003
379263023
379686723
379720270
379793024
379886822
380011989
380213859
380323908
380353988
380411739
380629281
380657149
381128351
381177345
381205105
381246525
381514524
381724050
381742837
381872671
381922331
381942874
382677986
382803993
382871345
382937546
382990440
383105344
383135870
383165825
383484851
383511150
383578044
383731906
384574695
384666058
384690088
384733804
385015173
385270542
385700614
385732287
385897664
385966609
386301220
386321727
386401403
386525489
386549225
386677996
386732776
386755222
386817531
387053082
387140355
387254977
387451882
387470837
387484909
387633098
387845582
387846089
388084044
388113494
388175832
388255559
388261336
388354970
388381686
388454658
388574952
388757795
388906381
389026796
389039705
389190520
389584052
389589695
389626752
389753022
389761139
389920796
390087821
390138863
390382418
390591673
390684518
390720246
390753484
390993607
391101946
391190355
391199059
391277298
391597111
391613091
391633192
391760619
391761064
391798471
391875813
391913703
392100396
392258647
392289656
392306564
392401248
392471684
392601230
392609938
392616661
392668749
392831729
392863115
392910199
393004310
393194237
393559970
393595413
394194598
394611324
394622698
394639284
394712733
394733641
394821588
394831362
395072307
395139487
395258485
395418666
395919967
395981629
396065294
396155983
396229912
396360355
396457662
396522325
396936406
397127692
397348972
397352130
397426772
397559526
397565644
397669232
397758617
397945865
398285297
398318777
398702219
398706936
398808105
399549122
399650874
399739272
399753962
399756847
399891124
399938842
400049769
400076756
400375051
400429339
400973674
401038804
401640323
401943982
401964134
401989303
402335158
402511514
402945415
403049847
403158572
403171840
403418725
403569811
403671670
403746550
403860961
404319214
404325628
404332400
404403999
404410023
404466562
404479356
404497216
405075691
405138037
405268910
405518362
405621651
405820116
405962361
405994235
406152242
406204344
406265823
406511666
406636275
406742694
406835061
407202977
407698163
407783979
408066073
408120603
408175549
408326528
408587896
408943157
408956399
409018222
409500892
409531703
410052376
410101714
410132283
410305012
410305699
410305803
410306504
410324825
410853195
410955369
411227480
411240320
411494417
411803320
411813110
411998463
412191260
412258786
412612024
412630114
412793939
412840385
412932139
412967627
413080213
413140026
413506636
413777745
413791732
414185005
414235578
414244468
414488605
415169550
415427352
415575884
415611168
415818867
415842902
416097052
416160817
416661301
416765761
416903688
417097603
417112596
417265109
417493026
417786743
417789833
418193432
418209238
418209861
418743759
418898428
419018283
419298475
419387057
419625608
419752941
419780011
419832854
419849059
420267332
420296624
420326282
420503636
420612227
420627546
420858330
420902028
421018174
421598556
421801542
421846137
422278825
422594217
422675190
422737326
422925338
422974285
423070544
423264359
423346981
423683460
423875827
424045266
424149526
424620663
424849737
424950899
425116329
425265899
425300331
425355584
425596424
425901896
426156130
426218323
426360469
426393319
426570296
426940291
426974111
427121515
427255539
427484456
427565896
427631263
427958903
428005205
428127202
428194835
428224814
428245442
428252351
428323789
428501322
428691617
429152387
429656101
429749064
430096982
430325421
430429338
430483050
430632407
430641099
430837661
430949694
431007908
431150896
431286178
431502844
431512597
432062304
432097603
432130521
432169851
432459990
432575548
432943198
433076022
433122990
433146944
433582911
434142718
434339367
434451689
434512045
434598961
434752343
434814286
434831168
435275229
435714242
436101548
436192014
436307836
436591013
436652553
436689970
436749940
436771974
437041785
437044707
437377384
437446678
438059447
438059665
438511901
438788211
438918200
439547028
439622156
439644776
439757254
439917519
439968464
440196108
440285688
440665146
440767726
442143531
442527127
442920430
443453181
444014218
444014702
444237640
444935678
444961696
445349530
445607165
445608258
445805201
445988416
446354839
446453951
446494219
446591956
446617506
447298670
447498792
447642912
448337194
448482141
448833443
449434706
449520042
449741191
449806929
449929805
450124671
450586679
450977294
451151691
451204174
451332801
451505396
451731118
451913953
452067624
452213043
452243501
452318535
452370304
452429383
452455580
452910685
452962333
453049328
453189327
453777937
453807029
453899125
453923118
454119482
454212843
454326044
454442766
454660198
454888796
454955399
455238880
455374193
455611507
455714709
455755481
456939586
457329039
457591051
457728864
457834014
457966619
458145830
458304963
458483301
458585704
458624166
458777664
458885175
459090158
459175445
459353360
459555694
459571575
460235330
460286492
460312522
460809152
460939049
461201878
461338589
461484377
461578431
461606283
461636495
461654038
461673615
461886793
461949408
462144362
462176928
462249821
462304626
462349129
462594257
463095268
463516531
463779365
463794160
463806082
463989048
464007596
464313424
464514236
464613987
464710423
464840552
464993347
465304872
466164296
466460907
466490364
466596627
466820599
467081550
467165093
467233205
467617404
467658071
467932041
468375959
468445610
468669918
469745270
469825937
469995626
470299186
470311055
470431403
470451598
471281574
471289288
471472619
472097708
472487191
472616745
473028622
473824268
473994104
474015320
474148514
474378895
475286355
475305004
475585872
475626521
475679065
476598101
477021832
477106004
477183339
477661099
477787581
477976102
478126392
478128896
478222418
478258509
478327553
478584053
478668473
478734767
478802173
479073261
479262286
479303201
479517958
480086856
480133889
480266461
480907464
481389730
481579099
481662108
481707040
481736450
481789424
481993201
482590523
482628166
482675785
482998895
483179134
483196859
483770706
483967347
484090865
484229675
484491926
484715471
484717385
484822087
484946003
485320575
485551559
485739603
485930043
486117044
486258189
486307741
486380835
486617172
486726903
486952107
487596518
488040136
488086590
488552915
489188308
489310990
489549161
490284769
490533414
491032271
491248369
491344349
491597785
492051860
492595468
492758672
492931276
493330878
493386823
493545001
493685434
493693769
494252462
494326629
494368485
494549709
494934689
495061133
495585619
495708915
496053005
496527450
497123463
497151056
497899410
498075300
498256731
498710802
499376381
499805406
500374335
501037553
501123383
501222345
501932450
502268472
503850775
504110202
504380884
504736979
505267990
505816007
505855764
506208154
506569129
506570050
507394405
507753676
507907662
508069085
508158567
508223044
508603733
509268731
509446335
509606050
509755382
510451383
510607250
510876057
511562124
511970827
512007711
512066574
512160549
512427616
512541268
512624762
512665659
512683885
512738585
513333132
513678301
513770285
513862412
513896193
513915577
514358741
514665656
515110072
515406375
515676467
515705152
515737228
515929326
516521209
516592095
516844562
517124117
517343747
517343823
517641194
517747592
518020116
518282768
518975118
519430575
519612954
519615434
519989507
520067685
520258252
520514891
520594682
520669454
520812229
520929817
521170254
521340548
521577553
521704589
521743056
521933950
522599477
522602723
523114189
523508461
523694546
523749305
524579889
524708465
524713584
524719189
524959733
525125407
525294736
525964808
526159282
526470800
526740129
526765014
526784695
528209161
528764972
529043679
529167463
529436225
529468738
529705083
530840390
531005364
531017580
531045533
531242319
531581908
531621612
531704609
531796194
531815115
531921549
532000507
532316122
532398944
532515037
532783594
532841295
532854297
532862085
532944817
533071729
533318923
533838244
534155738
534466268
534677741
534715861
534767577
535258193
535465281
535592876
535841329
536196821
536717082
536825007
536826460
537367347
537680081
537741759
537853158
538039880
538041497
539180923
539927159
540210164
540312834
540607588
541103272
541153142
541192204
541356890
541380182
541528816
541782367
542258967
542357653
542452251
542561328
542650292
542971079
543095652
543310389
543878467
543881842
543894240
544006843
544685383
544701445
545196231
545790448
545826986
545879037
545983571
546601853
546792227
546970126
547156631
547509886
547628183
548063792
548153905
548494919
548734169
548802531
548804209
548848901
548912781
549600062
549772838
549803080
549835125
549962450
550024773
550110973
550275132
550347738
550447637
550586820
550690961
551005179
551052426
551164170
551610528
551626058
551773977
551933501
552044778
552124865
552486077
552636063
552809818
553062865
553684836
553970077
553970778
554132527
554167278
554336739
554419925
554654904
554881158
554898393
555154723
555289457
555515309
555580546
555950839
556067937
556178479
556202249
556339578
556454334
556683312
557591677
557701950
558174422
558342733
558354672
558602018
558628246
558913077
559011262
559501137
559864287
559950957
560521986
560667029
560813133
561810007
562716537
562727602
563006208
563221068
563292629
563379787
563460658
563582933
563609195
563697075
563815911
564168535
564219176
565056446
565494836
565509293
566587852
566694766
567350895
567456596
567492549
567644640
567652842
568414850
569203673
569576034
569649755
570070260
570135726
570151096
570197228
570267554
570541683
570549332
570591233
570963744
570993363
571122329
571938101
572257722
572317552
572433820
572717933
572816150
572980836
573209345
573215003
573426148
573476419
573938820
573975130
574039763
574051945
574238015
574365609
574663491
575119899
575202692
575609940
575768667
576177174
576385396
576528491
576811581
576815044
577116920
577744229
578539703
579111740
579214379
579235925
579297891
579702559
579750589
580026542
580194721
580578134
580580165
580817301
581083335
581093249
581203289
582116225
582179776
582411441
582844143
582913841
582938451
583752102
585042596
585080534
585144786
585349745
585376076
585530635
585607707
585882556
586185510
586364930
586980900
587028991
587430143
587792251
588011993
588690203
588695493
588794616
588849583
589031837
589219818
589385363
589623434
590089277
590271494
590327667
590379854
590582529
590869877
591316872
591480320
591694824
591702460
591827121
591864195
591868225
592362853
592572195
592752592
592993988
593170367
593208651
593405985
593474801
593715286
594177169
594509801
594533796
594571017
594592769
595180798
595278162
595406336
595408340
595588884
595912042
595962275
596528339
597117584
597362242
598229354
598416550
598460432
598799557
599624962
599626930
599739089
599811633
599838486
599847733
599918221
600149685
600271193
600905732
601019271
601610556
602807831
603061994
603224641
603320402
603527621
603696441
603787522
604811383
604953281
605032918
605038265
605585414
606226205
606305660
606453494
606480325
607081638
607246414
608178185
608966529
608977360
609074688
609194464
609363572
609565217
609770044
610001048
610013057
610089518
610385211
610397017
610820038
610837865
610882751
610906968
611626275
611649092
611850415
612123758
612491899
612677115
612710344
612873261
613615648
613623369
613711010
614036650
614198434
614545394
614629352
614758196
615809012
615917299
616851006
616894917
617041612
617235942
617475028
617809463
618117419
618202449
618305677
618453259
618605540
618713585
619171146
619456360
619861913
620136723
620195547
620309197
620446630
620495855
620586872
620776068
621058702
621315418
621922734
622908731
623210456
623286123
623733370
623979387
624243757
624327180
624446117
624457205
624731344
624951370
625004804
625424098
625907356
626249304
626272411
626697331
626706007
627277274
627482023
627612741
627809846
628004594
628368173
628395077
628542170
628621853
628815220
629171135
629407893
630321425
630405905
630423829
630441902
630449186
631303321
631307675
631325942
631740015
631755182
631818444
631908365
631921011
632047724
632130176
632158977
632176987
632619919
632726933
632920585
633081094
633178838
633180913
633696846
633831184
633919867
634206758
634265640
634352303
634811677
634889027
634935639
635158693
635326763
635455306
635749851
635849384
635949227
635991471
636685624
636737389
636809401
636865900
636901605
637249710
700211467
700245253
700832077
700981537
701144069
701274416
701693756
702435587
702454789
703223386
704055255
705338325
705418987
705822102
706779061
706856654
708042715
708072716
708090085
708137414
708691919
709611619
710130013
710296242
710365514
710433660
711832638
712157088
712170782
712218778
712539900
712920895
713538012
713575728
713762677
713979499
714098989
714170388
714339050
714802454
715052108
715175245
715412925
715951517
716451573
716622426
716846260
717362304
717791498
717946176
718052746
718137679
718617108
718705266
718978027
721058311
722878256
723186504
723362443
723659148
723764617
723877933
724088774
724159764
724686270
725385241
725451362
725705486
726758239
726775178
726982909
729540007
729557089
729745118
730311468
730328276
730339620
730916696
731110010
731113328
731882154
732477026
732545460
733020499
733953912
734003082
734074064
734108016
734911292
735208092
735340363
735544742
736320283
737008830
737123696
737591616
738617953
739117495
739689523
739836499
739998469
740047357
740521164
740570022
740708335
741004566
741523891
741557562
742562696
743192467
744416340
744973502
745796460
745882794
746306659
746885288
747991285
748441129
749051406
750213601
750331705
751713667
751751684
752032794
752065776
752307367
752354174
752556864
753019724
753292807
754120021
754559694
755569562
755587322
755695903
756805404
757473002
757946228
758462545
759646279
760674000
760919442
762593456
762922729
763533278
764082709
764137094
764515195
765239143
765763536
766482290
766828244
767100007
767426532
768493040
768734186
768846763
769789176
770161016
771635599
772314378
773127614
773629148
774239850
774569280
775511443
775867866
775908900
777343184
777801523
778068312
778579502
778780405
778792970
779050044
779240294
779445554
779590830
781190797
781279477
782653465
783684848
783789206
783815780
784173355
785071134
785113554
785524106
785736690
786218564
786601148
786793927
787142245
788320915
788485022
789209095
789269292
789499242
790838130
792092588
793155906
793873297
793968096
794254500
794639005
795309722
795401670
796086145
796123958
796415821
796950486
797777006
799296013
799463132
799734246
800297197
801623736
801625123
801792055
802320974
804100573
804194941
806616842
809736294
809805762
809990772
811765752
811947727
812932488
813014652
813111110
813148135
813190404
813405643
815346618
817109352
817383427
817930735
819197437
819241830
819619490
819827923
820714902
820735664
821002322
821483995
821732100
823466377
823742348
823775689
825093516
826739713
826961004
827101944
827358704
827542765
828945512
829123928
830403702
830793104
831364152
831821760
831844466
831862195
831987842
832791374
833369066
834201427
834481922
836100408
836877428
837585025
837774955
838943851
840166572
841680991
842628392
842965490
843612325
843878372
844141369
845293154
846493249
848458812
848526817
848623417
849369150
849474103
849571951
850149571
850189628
850843290
850973366
851485470
851680669
852111061
852180734
852223878
853447063
853538090
853722031
853752144
853804237
853888962
854652264
855556087
857113574
857760530
858325315
860286420
860394410
860531030
860612125
860700612
860837275
861283555
861475704
861659911
861667008
863108198
863511822
863842328
864082453
865133310
865138842
865186434
866310744
866397558
866486180
867340346
867823638
867975866
868316982
868625058
868818205
869548801
869696677
870260017
870287911
870814286
871992792
872521513
873307652
875207593
876512442
876944676
877251078
877272176
877415574
877941433
878801766
879575936
879997712
880531843
881278518
881693666
881943794
883459316
883839168
884431477
884530033
884724864
885094483
885227436
885239118
888134780
889781113
889827536
894819487
895685396
896001476
896308765
896320518
896382271
896562602
897506947
898253695
898260326
898744460
900045374
900319608
900993224
901052532
901670046
902558160
903075626
903461900
904066592
904580408
904607510
905121565
905624292
905801216
905957881
906066582
906263390
907154305
907175820
907971674
908363886
908579250
909115500
909269736
909486600
909862986
910293260
911340278
911660623
911726036
913271359
914048996
914600587
915107413
915990943
916993604
917287770
917490918
918081428
918270360
918287780
919850058
921404468
921490778
922326092
923183486
923449921
923757746
923847037
924321584
926383879
927094764
927360582
927989227
928055208
928264663
929681300
930115315
930709248
931106292
931214828
931352148
931827750
932231617
933275118
933863203
935166468
935223739
935734560
935873390
936252546
936757692
937362529
937377757
937758960
937808227
937897153
938311879
938915894
939011982
939324630
939394008
939856122
940236589
940430527
940885921
942621559
942922922
943080337
943098133
943462298
943598874
943847305
944903948
945092827
945105673
945939276
946274564
946391426
946407661
946615142
947122830
947345444
947614951
947860201
948032088
948229734
948276468
948689473
949053446
949228536
950659789
951847404
952152068
952341462
952702430
952891352
953972328
954540103
955182864
955572902
956008861
956119662
960077022
960521948
961264417
961923206
962165785
962892781
963120793
963401491
963709141
965315550
965807077
966307153
966325170
966397436
966608239
967238372
968247258
969776240
970194175
970330422
970739624
970780447
971290824
971616614
972420126
973253378
973517394
974539716
975913489
977031782
977061342
977259403
977687203
978248304
979054334
979292011
980354485
981939618
982135603
982720597
983195617
984130021
985056318
985498406
985813604
985898462
986356824
988498980
990406506
992015708
992620514
992674014
994341218
994829406
995168713
995390124
996118676
996841483
998141131
998613758
998866328
1001009784
1001802474
1002312702
1003043678
1004432875
1005046621
1005413053
1005497846
1005687984
1005869804
1006079550
1006405998
1006586216
1006720088
1006764572
1008374432
1009201796
1009795177
1010160079
1010166980
1010924826
1010947165
1011388304
1012742768
1013484230
1013615412
1015438135
1016628044
1017185076
1018120532
1018569319
1019224838
1019245680
1020334208
1020424622
1020492973
1020714546
1021713506
1022697775
1023235574
1023406717
1023492655
1024381933
1024977109
1025366114
1026418206
1027036986
1027548462
1028894852
1029530198
1029624102
1031374723
1031622307
1032082189
1032262310
1034369497
1035276996
1036110139
1037447041
1038927360
1039230781
1039786992
1041364213
1041719058
1041783480
1041956323
1042761061
1043296272
1043497494
1044011527
1044362402
1044580518
1045027890
1045801549
1046513028
1047152670
1047229022
1047254341
1047373554
1048268328
1048537314
1049599878
1050254305
1052095170
1052721908
1053117589
1053353058
1053634214
1053978612
1053996156
1055364162
1056071676
1056592880
1059600631
1060770222
1060975332
1061417886
1061804468
1062115478
1063017601
1063070695
1063117530
1063510848
1063937454
1065721946
1065861420
1066556617
1066762813
1067049649
1067415775
1068723254
1068804950
1069487424
1071070861
1072731103
1073924748
1074378907
1075027501
1077230096
1079803356
1081015008
1081969417
1081970378
1082105016
1083321313
1085521327
1086523266
1086822024
1087551013
1088207370
1088428652
1088667817
1090276350
1090284122
1090369465
1091727044
1092391196
1092568958
1093118491
1094012420
1095191448
1098273906
1098714397
1099186344
1099737199
1100909688
1101098100
1101315450
1102254661
1102378196
1102426560
1103674327
1103743237
1104174930
1105140078
1106545920
1107116984
1107647714
1107779059
1108674199
1109184967
1109662776
1110245605
1110462162
1110475944
1111692174
1111903314
1112806046
1114238431
1114707044
1115397055
1115724554
1115812567
1115850510
1117359914
1118226181
1121028973
1122319609
1122925910
1124137902
1124204180
1126098752
1127090736
1127485248
1127990569
1129260955
1129478390
1129598502
1129702500
1130579545
1131232248
1131337639
1131402385
1131688147
1132175070
1132424004
1135299488
1136747065
1139272604
1139395814
1140215065
1140646279
1141356954
1141721521
1146255032
1147963850
1149111433
1149205873
1149261589
1149524846
1149904758
1150118245
1150310305
1151106324
1151248380
1152028027
1152584881
1152591924
1152659059
1153217258
1154594815
1155663673
1156986866
1157025182
1157478990
1159680846
1160134537
1160265517
1160296591
1160862734
1163141137
1166995296
1169258526
1169432394
1169618630
1172919114
1172945372
1173419084
1173470214
1174242762
1177108884
1177245787
1177577593
1178281574
1179687896
1180341984
1180898389
1181145750
1182993464
1183464108
1183867782
1184338124
1184368513
1187867628
1188035636
1188132330
1190002003
1191206420
1191881964
1192359620
1193311957
1195232275
1197471666
1199142301
1199722896
1202750354
1206017250
1206506756
1208674610
1208725579
1208985140
1209667110
1210672568
1213477333
1216332516
1216441920
1217889073
1219567759
1219762448
1221497815
1222196395
1222790252
1223097991
1223191782
1223744606
1225007366
1225329998
1226126455
1226233188
1226720671
1228650667
1230632539
1232370138
1232645366
1233116460
1233131335
1233941083
1234680842
1235964434
1237141034
1237460246
1237510069
1238752842
1240092422
1240779709
1240951765
1241976626
1241980730
1242541566
1242995749
1243205815
1243828303
1244036600
1246058383
1247032261
1247082636
1249586221
1249948248
1250618070
1253247884
1253524712
1256796906
1257519571
1259503016
1259822790
1261552405
1262602315
1263284220
1263893300
1264950637
1266168534
1266168901
1266976674
1267248506
1268416332
1268655318
1269277982
1271136260
1271211866
1271979276
1273481384
1274320940
1274558588
1275113174
1275284048
1276481022
1276570261
1277197928
1279308530
1279569715
1279633806
1280322234
1280963948
1281026822
1281563144
1283515267
1283941670
1284970123
1285499713
1285783052
1286942420
1287253303
1287293354
1287360572
1288412520
1288453394
1289469470
1289762455
1290328795
1290481664
1291675225
1292151721
1292476170
1293884665
1296296228
1297069405
1297173150
1297589132
1297902805
1301619776
1303011840
1304278908
1306831363
1308022430
1311093727
1311389576
1311651012
1312402040
1312984453
1313792396
1314429606
1316102172
1318203709
1318429746
1318543069
1318813867
1319420460
1319648586
1321055226
1321143487
1321448581
1321691089
1321711746
1322601487
1322780569
1323728246
1323843930
1323854755
1324588830
1327293290
1328025834
1328042756
1328567814
1328796752
1329144336
1329783578
1329832129
1330117345
1331943828
1331951563
1333177674
1334177226
1334369929
1335225936
1336624344
1337411749
1338407821
1338986978
1339700414
1341275460
1342219057
1344316890
1345120016
1345288646
1346021143
1347737348
1349554370
1349832968
1349866494
1350032611
1350208830
1350562136
1350824982
1351245211
1351376731
1353046159
1353162385
1353442321
1353710383
1353781730
1355108480
1356498416
1357356103
1357912226
1358714930
1359264174
1359637986
1359728065
1361690774
1361990342
1362563708
1363573447
1364605364
1365169272
1365273054
1365627090
1365810037
1366351063
1368129211
1368641450
1368858823
1369641468
1370420394
1371035024
1371743880
1373014873
1373111947
1373269591
1374813913
1375146714
1375224228
1375386415
1375752878
1375921326
1376717754
1377484621
1377974166
1378415155
1379216077
1379390886
1379943330
1380052490
1380200058
1380761329
1380964765
1381158763
1381170342
1381958444
1382592583
1382670782
1382687048
1383135468
1383317377
1383376867
1384409563
1386263192
1386623364
1389405696
1389840739
1391507426
1392126361
1392268680
1393359012
1393901035
1394770980
1395840158
1397132328
1398460039
1399625532
1400971734
1401723518
1403221333
1403871902
1404769452
1406124067
1406861564
1407123822
1407419077
1408021447
1408652317
1409491808
1410389898
1410839971
1411213590
1411761680
1411904144
1412658714
1413230858
1413912583
1415554224
1415584105
1416360427
1416917851
1419634321
1421253547
1422454639
1422458384
1422582259
1424273006
1425063331
1425695648
1426950805
1428209058
1428417300
1431296238
1431342306
1431383438
1432123530
1434065172
1434390421
1434534541
1435361089
1435534986
1436715474
1437293616
1437891715
1439543923
1440151542
1442103746
1442464452
1444168824
1444447663
1445472564
1445553434
1445613234
1445685181
1446023090
1449204792
1450423795
1451770975
1452616621
1452831355
1455095269
1456470936
1456661420
1456927903
1457099184
1458918530
1459047343
1460643986
1460677596
1461573457
1462091868
1463807084
1464260138
1464583166
1465305727
1465321082
1465354021
1466292428
1466540024
1467036373
1468163754
1468722199
1468987598
1469669245
1469746532
1470108223
1472102832
1472352818
1472612694
1472954353
1473334124
1473513104
1473686246
1474017654
1474247354
1476585768
1476671119
1478310090
1478486520
1480694155
1481484476
1481829637
1482154890
1482181112
1482385556
1482417565
1482492620
1482518695
1483437114
1483539390
1488003912
1488493808
1488581455
1489445190
1490564593
1490642336
1491212077
1491339727
1491657907
1491772716
1492203044
1492760352
1492791702
1494086744
1494199837
1495259438
1497675319
1497911100
1497957079
1498139612
1499478319
1500279613
1505559811
1507761774
1507863206
1509497731
1514289217
1515178117
1515242227
1515337370
1515957570
1516335350
1517440668
1517464086
1518361645
1520909233
1520924113
1521845143
1522728577
1523930904
1525508473
1526440885
1528655222
1529037138
1529515722
1530012698
1532679542
1533715176
1534492207
1535457218
1537348962
1537573363
1538155356
1538633762
1538797284
1539255931
1540175382
1540339158
1540790264
1541903438
1542856830
1543095236
1543144644
1543976784
1544808618
1545101167
1545728437
1546196792
1546999243
1547423106
1549319509
1551234320
1551361189
1551675601
1552896620
1553696262
1553700698
1554141764
1554486253
1555183980
1556118416
1557639228
1558479780
1558804267
1560412554
1560481741
1561076137
1564047918
1564277076
1564329692
1564808258
1566680906
1567330622
1567912200
1569144073
1569448915
1569763135
1570375028
1570481214
1572972206
1573207460
1574580296
1575657445
1576043802
1576445311
1576612710
1577922547
1578255121
1578288691
1579361797
1579476290
1579528591
1580405600
1580409416
1581144392
1581515226
1581784284
1582996921
1583400642
1583672934
1583817644
1583864334
1583905963
1584045613
1585000687
1588153634
1588326354
1588713787
1588842686
1589090449
1589472836
1590141091
1590884982
1591227588
1591584116
1592212962
1593725282
1593911504
1596326984
1596799230
1597555548
1597628221
1597775244
1599077478
1600004390
1600961330
1601120539
1602722671
1602782094
1603585795
1603615351
1605129025
1605589621
1606441735
1606478425
1606960224
1607518303
1607922168
1607988252
1608219889
1608285302
1608327799
1608775645
1608887976
1609542955
1609827997
1609878848
1611230983
1611609360
1612719440
1613081736
1613265313
1613331830
1613349649
1614633186
1614765523
1618524416
1619142578
1619641184
1619770309
1619857076
1620076393
1620635754
1621881205
1622010828
1622864275
1623070920
1623269252
1625288732
1626285822
1626367458
1627078153
1628507768
1628741197
1628750150
1630051110
1630547144
1630834855
1631035886
1632846822
1632889399
1634924184
1635478364
1635854666
1636694953
1637301666
1637580955
1638019232
1638027566
1638045457
1638424070
1638443694
1640052840
1640478378
1641061032
1643269016
1643515800
1643640824
1644986624
1645899883
1646684185
1647198679
1647344760
1648244882
1648340150
1648904448
1648952335
1650385466
1650588510
1652242016
1653681242
1654342424
1654380896
1655637314
1656331453
1656571236
1656769398
1657353312
1658777516
1659523730
1660022743
1660522394
1660954878
1661078911
1661137183
1661188916
1661474690
1662882396
1663455127
1663523538
1663891094
1664512116
1665198596
1668725221
1668764010
1669303782
1669702321
1672108602
1672676156
1672998114
1673292344
1675069442
1675695848
1676850756
1676923992
1677001946
1677539683
1677939313
1679739668
1680239162
1680586261
1680706021
1681139298
1681374108
1681545528
1682641045
1683835315
1683863732
1684244539
1684945674
1685304512
1686021175
1686423223
1687346137
1687831254
1688035699
1688238750
1689383556
1689611064
1690068673
1691512244
1691680704
1692020384
1692718388
1693622172
1693759170
1694218214
1694880012
1696795956
1697097895
1697631084
1697813748
1701993996
1703705652
1703770586
1704977240
1704984469
1705433478
1705750958
1706712240
1707829123
1708594970
1711496094
1711532340
1711806672
1711903585
1712885430
1713574105
1715467735
1715475252
1718619884
1718864282
1719325208
1720490323
1724589056
1725745657
1726235220
1726649413
1727744737
1728884293
1729441754
1729756746
1730702718
1730854514
1732327159
1732480928
1734639450
1734903583
1739272998
1744337245
1744969392
1763749783
1775686412
1829489372
1830605162
1833335827
1834293727
1840768058
1846669410
1849036094
1850835498
1851235928
1852766072
1854345114
1854688039
1855307683
1856380346
1857463806
1860140010
1860725924
1860754092
1860804888
1861402670
1861840746
1863058165
1863569462
1863660199
1864730460
1865319570
1865346362
1865350904
1865359220
1865367026
1865369708
1865374483
1865374603
1865380099
1865383429
1865394409
1865496834
1865497104
1865498124
1865534312
1865535026
1865536658
1865552407
1865553595
1865718008
1867186807
1868687006
1868739168
1870241862
1870335086
1870537682
1870839362
1871555485
1871954785
1872154596
1872489350
1874339683
1874467801
1874508894
1875721614
1877023285
1880533652
1881011430
1881960385
1882890098
1883297130
1884246164
1884716216
1885644330
1885836259
1887889165
1888075375
1888426278
1890073622
1890403346
1891191794
1891646647
1891686949
1892037781
1892335818
1892824076
1893088008
1893874483
1893929918
1894020427
1894272170
1894730628
1896462660
1896595753
1898238565
1899551539
1901038452
1904767766
1904822964
1905718952
1906254242
1906311038
1906827140
1908136586
1909001210
1909073838
1909141742
1909155182
1909159579
1909208101
1909258704
1909317246
1909458672
1909855412
1914706550
1916087053
1916708300
1917103765
1917419929
1919518957
1920936852
1921514064
1924012242
1924062762
1924310023
1924806133
1926894608
1927055953
1927540050
1928923423
1929746521
1930397226
1930951957
1930987999
1931460828
1932145692
1932900038
1934202404
1934538434
1935051853
1935718590
1936923793
1940427416
1940584838
1941481110
1941559789
1942325642
1942362696
1942540243
1942667768
1943603503
1944076416
1944266641
1945625485
1945793522
1946495989
1947462307
1948671943
1949069268
1950675776
1950844105
1951371044
1951840994
1952041471
1953584766
1953645098
1954633326
1957225729
1959132139
1959871146
1960008751
1960877406
1961170561
1961825370
1962550154
1962784584
1963639988
1964837923
1965534212
1965814388
1968262915
1968866496
1968882768
1969008864
1969040304
1969760215
1975584769
1977041202
1977978714
1978430586
1979541068
2147789356
2148075363
2148111726
2148374179
2149574773
2149606249
2149747512
2150799355
2151896576
2152519520
2153765047
2153932833
2156132011
2156901247
2157220987
2157329401
2157543097
2157656576
2157771446
2160768656
2161459921
2161541724
2162279698
2162570190
2162585105
2163190110
2163901129
2164974223
2165279315
2166684976
2167422860
2168925900
2169369289
2169535346
2169775340
2169859682
2170377269
2171172748
2171355198
2171539950
2171864970
2172553968
2172727464
2172734070
2173279784
2173410007
2173721501
2174726721
2176032046
2176245680
2176353516
2176456523
2176657046
2176959530
2177421516
2177701136
2178181148
2178698850
2179725746
2180355940
2180375996
2180430179
2181150668
2181712805
2183657584
2183860549
2184494755
2184518496
2185427364
2186693605
2186832224
2187103148
2187337425
2188728523
2189142009
2189166180
2189823523
2190332926
2191189424
2192813202
2192997968
2193453786
2193472695
2194557240
2194718492
2195359237
2195621208
2195667388
2195687786
2196266695
2196557070
2196883590
2197015041
2197088558
2197131451
2197293468
2198010462
2198455680
2198793038
2199392815
2199980814
2200707086
2200885093
2200922065
2201665320
2201759409
2201760498
2202006109
2204055943
2204139883
2206550327
2206650406
2207745945
2207774300
2208895574
2209342812
2209396672
2209763749
2211923442
2212988855
2213268551
2214241034
2214248340
2214465962
2214499124
2214978108
2215591292
2216094126
2216176580
2217657289
2217933116
2218373995
2218873549
2219901648
2219962093
2220366723
2220683030
2221665696
2221741436
2223095635
2223112170
2223419737
2223680616
2225350824
2225357798
2225486634
2226442950
2227214867
2227633260
2227875657
2227953373
2229330331
2229334430
2229584974
2230400682
2230677842
2230742575
2233336339
2233338658
2233838437
2234529242
2235809646
2236426128
2238035345
2238560684
2239796108
2240253194
2240860969
2241038702
2241432368
2241459140
2241483063
2241577598
2242765243
2242897403
2243751277
2244223687
2245440776
2245617860
2245803439
2246558661
2246720040
2247460382
2248398098
2249068609
2249128320
2249244265
2250024505
2250578761
2250671838
2251461997
2251714892
2252132891
2253004892
2254114858
2254156608
2254299570
2255518255
2255607753
2256151778
2256261698
2257425475
2257440930
2258333013
2258347470
2258539621
2259033498
2259119850
2259148218
2259237812
2259648188
2260038600
2260907329
2261214337
2261411407
2262406862
2262489866
2262509555
2262768256
2262944659
2263024507
2263492863
2263914197
2264224123
2264858226
2265177986
2265420987
2266247602
2266373683
2266573910
2266636736
2267138862
2267159946
2267525120
2267767309
2267871794
2269052112
2269110588
2269365396
2269585142
2269860355
2270341789
2271113904
2271316134
2271354499
2271615829
2271716943
2272694437
2273105556
2273633382
2274040280
2275825976
2276780635
2277262641
2277453204
2278225088
2278256160
2278881870
2278983768
2279414519
2279549227
2279672810
2280074755
2281058594
2281295588
2281594473
2282053722
2282701555
2282998363
2283050819
2283411186
2283483315
2284518535
2284957830
2285239778
2285426209
2285521946
2287238838
2287644839
2288327388
2288845879
2289024882
2289928868
2290100806
2290147104
2290401372
2290673366
2290709438
2291625582
2291783808
2292356545
2292552440
2293290432
2293385868
2293706827
2294413586
2294683851
2295258674
2295403135
2296040496
2296060544
2296149667
2296392020
2296675788
2297187180
2297438220
2298050917
2298596780
2298726060
2298871640
2299590452
2300258612
2300397128
2300459136
2300459140
2300940234
2301412352
2301734294
2301769232
2302657212
2302753196
2302767135
2302911278
2303004265
2303313494
2303420498
2303723960
2304782029
2305493444
2305746906
2305861417
2306048196
2306215762
2306757473
2306967012
2307257192
2307296534
2307416202
2308741578
2309315216
2309481060
2309668742
2310100483
2310393356
2310519080
2311314764
2311526640
2313001652
2313218459
2313240186
2314392206
2314439830
2315373931
2315384329
2315489490
2315523528
2315590069
2315988728
2316948022
2317574420
2317852370
2318314381
2318413909
2319427561
2320651125
2321415835
2321506958
2321762305
2322910490
2323245126
2323288764
2323636194
2324348078
2324445745
2324565146
2325773569
2327152089
2327193234
2327858107
2328908462
2329427093
2329459523
2329821963
2330094396
2330978099
2331205303
2331770841
2332042207
2332186856
2332187329
2332193390
2332345297
2333166085
2333283439
2333397295
2333521123
2334576859
2334757145
2334957559
2335142726
2335188350
2335748947
2336670397
2337309920
2337510398
2337660458
2338448438
2339355523
2339617146
2339658436
2340506732
2341273222
2341883929
2342241303
2342326414
2342335378
2342518148
2342681252
2342978761
2343167872
2343496761
2343595584
2344375524
2346563100
2346743108
2347010631
2347087828
2347635782
2347689721
2347708757
2347876788
2348036504
2348629628
2348874441
2348875752
2349243421
2349586444
2349591437
2349672356
2349857484
2349866156
2350004370
2350135518
2350582860
2351638997
2352235854
2352463868
2352468787
2352472904
2352517640
2352595813
2353002810
2353382692
2353526577
2353537815
2353591720
2353767738
2354210704
2354441192
2355337180
2356616796
2356989151
2357135489
2357587571
2357635116
2358133183
2358479161
2358549583
2358913596
2358969684
2359607185
2359858087
2359963843
2360049619
2360171593
2360390798
2360790438
2361323354
2361497568
2361646447
2361969494
2362488169
2363047165
2363071512
2363091752
2363532061
2363690786
2363810990
2364151232
2364151338
2364230624
2364446064
2364557929
2365027447
2365255574
2365366271
2365477573
2365482720
2365587767
2366105066
2366126940
2366550532
2366565007
2366884526
2366945484
2367077461
2367277242
2367402111
2367475645
2367700415
2367770911
2367795980
2368165682
2368495069
2368495358
2368923601
2369505343
2369583188
2369640619
2369740292
2369787924
2369995160
2370009217
2370044370
2370198170
2370890894
2370969290
2371689356
2371902193
2372036365
2372117226
2372973825
2373678676
2373905202
2373909360
2374055952
2374210256
2374371050
2374788458
2374823545
2376040338
2376272725
2376811815
2377041253
2378186520
2378270569
2378421560
2378991324
2379125214
2379153478
2380205951
2380768949
2380853546
2381965688
2382630839
2382743288
2384077112
2385795939
2388100428
2388325238
2389185321
2389230019
2390159604
2391671160
2391764076
2391797401
2392738039
2392771524
2393568962
2393937049
2394128138
2394242202
2394876870
2395009554
2396293555
2396382638
2396469618
2397298069
2397864214
2398585694
2399120359
2399428293
2399769804
2400085786
2400288283
2400677943
2400702396
2401524128
2401971696
2402201804
2402227478
2402349373
2402369460
2403046646
2403416633
2404882685
2405499110
2406493609
2407242819
2407618184
2408462401
2408815076
2408871457
2409175112
2409435985
2409527349
2410429880
2410716805
2410741808
2411278617
2411681888
2412400944
2412413492
2412681295
2412910404
2413020529
2413269411
2413458144
2413479715
2413917835
2414122676
2414189180
2414489232
2414877108
2414986289
2415122444
2415269814
2415348620
2415392497
2415617422
2415751340
2416424491
2417470022
2418200417
2418353076
2418362144
2419233087
2419311194
2419319366
2419439447
2419546412
2419560698
2420110897
2420152578
2420464556
2420764201
2420883037
2421098443
2421405050
2421496668
2422460910
2422675578
2422806595
2422988113
2423072883
2423570874
2423584508
2423834535
2424039541
2424286976
2424452184
2424583266
2424592446
2424671376
2426258731
2427679162
2428372296
2429910250
2430584371
2430812905
2431241973
2431265723
2432468360
2432894909
2433093649
2433126235
2433454777
2434485919
2434542176
2435201251
2435459196
2435467668
2435483478
2435516023
2435670998
2437083912
2437120544
2437944861
2438187547
2438438203
2439003034
2439169094
2439309517
2439782965
2439877339
2440045766
2440274030
2440474055
2440483097
2440591514
2440749932
2441231225
2441314559
2441668921
2442884454
2442974590
2443573194
2444387142
2444467513
2444932476
2445004073
2445623005
2445747320
2446120296
2446243303
2446811124
2446980296
2448215593
2448418897
2448990276
2449906620
2450043698
2450193296
2450832872
2451165744
2452119017
2452290487
2452309324
2452448893
2453649331
2453768402
2454049848
2454685607
2456274390
2456543079
2456659184
2457876044
2458745491
2458781635
2459376180
2459541640
2459638688
2460081821
2460132831
2460357487
2460469983
2460515510
2461750748
2462724026
2463919220
2464582022
2466268411
2466383820
2467305732
2467701882
2467974896
2468362525
2468389957
2468392196
2469707480
2470242823
2470449840
2472886543
2473542480
2474455248
2476453508
2476642746
2476785372
2477670968
2477942156
2478007578
2478197233
2478661165
2478704934
2478990943
2479035087
2479557900
2480042916
2481247603
2481453283
2481976308
2482879902
2483045534
2483091660
2483318750
2483761562
2484923954
2485318790
2486456103
2486843205
2487317881
2487635596
2487759555
2489046745
2489472451
2489795071
2489889026
2490711124
2490981932
2491003334
2491040719
2492096797
2492619196
2492811524
2492863268
2492970366
2493016098
2493811688
2493996222
2496815739
2498168100
2499249415
2499504895
2501096371
2503138496
2503230835
2504107333
2504538433
2504555309
2505613134
2505666642
2505691670
2506107458
2506165632
2507352504
2508920701
2508971352
2509054596
2509536487
2509608057
2509632324
2510433608
2510734514
2512030879
2512736641
2518124017
2519491430
2519931127
2520584366
2521040478
2521043675
2521205595
2521974002
2523031586
2524144689
2524233020
2524840764
2525571363
2526216966
2526377218
2526597944
2527281594
2528012256
2529123963
2529372149
2531262902
2531457169
2531907834
2531929693
2532532463
2532585161
2533848223
2535907890
2535939508
2536400992
2536641775
2537788105
2538883904
2538919914
2539978294
2540453135
2541419397
2541702148
2543288983
2543747172
2544175638
2544213553
2544288312
2544419838
2544580531
2545315574
2545836675
2546324126
2546565066
2546976869
2547928627
2548687663
2548776758
2548853792
2549124834
2550070770
2550150734
2551401474
2552058608
2552724072
2554359206
2554649709
2555309365
2556160955
2556551592
2558364300
2558371804
2558517868
2558562637
2559333156
2559572185
2560241546
2561216342
2561962950
2562048781
2562331767
2562379892
2562455245
2562635260
2562907370
2563081232
2563533938
2563726094
2564558636
2565149517
2565161220
2565258867
2565528728
2566084036
2566130852
2566217708
2566285549
2566729958
2568057134
2570120478
2570726790
2570923395
2571196465
2571346617
2572097736
2572440688
2572805901
2572901941
2573172698
2573795994
2574502413
2574669556
2574941737
2575406168
2575918844
2576677399
2578267988
2579169104
2579236203
2579393145
2579394231
2579401089
2579404893
2580020389
2580332250
2580336759
2580655928
2581027958
2581103326
2581628466
2582276899
2582394085
2583906516
2584663022
2584851479
2585057955
2585411238
2586293664
2586380984
2586550672
2586966642
2588428895
2588832607
2589341146
2589818876
2590091461
2590092882
2590528986
2590724511
2590788158
2591107476
2591375240
2593198297
2593374434
2593735824
2593902096
2594424287
2594464868
2595807134
2595990583
2596365323
2597767185
2597987296
2598037087
2598148639
2598245690
2599017833
2599220429
2599992014
2602064729
2602742292
2603182207
2603469234
2603684092
2603691868
2603793535
2604372581
2604422972
2604491520
2604946718
2605027228
2605240687
2605401509
2606125086
2606486770
2606684149
2607316034
2607738745
2608653512
2609467850
2610284149
2610695864
2611531208
2611705160
2611908854
2612062287
2612468552
2613843121
2614294992
2614716355
2614795603
2615775313
2617580735
2617680331
2618187328
2618189410
2619170618
2620134721
2620472741
2621707851
2622527103
2626289030
2628598145
2630855212
2633268400
2633928413
2634491640
2635912642
2636931888
2638433061
2639623522
2639667877
2640397184
2641516138
2641709692
2642484157
2642637669
2643667631
2646269821
2646749196
2647551751
2647579938
2647587979
2648256487
2648344617
2649550328
2650967767
2651044309
2652900830
2653423725
2654356301
2654805548
2654901586
2655173646
2655628278
2655817100
2656463976
2657378995
2658330830
2658491587
2659208479
2659989281
2660095883
2660218315
2660396892
2660718975
2661239449
2664428989
2664653136
2664828798
2665301282
2666232792
2666270526
2669166512
2669507507
2669886805
2669999305
2670707225
2671381832
2672629004
2673266682
2673922603
2674158288
2676625861
2677621728
2678397940
2678757622
2679314978
2679794744
2681215998
2681649288
2682759458
2682807194
2683562636
2683711420
2685004745
2685815720
2686010425
2686593036
2687805560
2688961376
2689584846
2690589608
2691130880
2691563713
2691698291
2691942826
2692694932
2693523264
2695141428
2695211348
2695687671
2696034792
2696419087
2696775404
2696796736
2696880865
2697153055
2697522233
2697596542
2697684895
2697813858
2697871104
2700413226
2700539526
2700584508
2700826334
2701185822
2701951885
2702352786
2703132075
2703476838
2703610008
2703726241
2704964016
2705104224
2705421236
2706197036
2706778981
2707356343
2708626699
2708997818
2709170641
2709470438
2710674591
2711619117
2712019318
2712067649
2712298681
2712587790
2713467083
2713472755
2713561860
2713972260
2714058794
2714479332
2714808890
2714832205
2714878727
2714890724
2715069344
2715211478
2715212915
2716080823
2716353724
2716679574
2716807983
2716878415
2716996883
2717134324
2717300124
2717560941
2717573479
2717629270
2717765896
2717834589
2718753917
2718877222
2719193661
2719220922
2719318882
2719404038
2719969895
2720931942
2722544975
2722763753
2723070277
2723249020
2723663544
2723830002
2724252426
2725542198
2726479172
2727102955
2727459172
2727676451
2728172831
2728472322
2728540396
2728915183
2728943699
2728989339
2729253506
2729357216
2729549160
2729748141
2729786873
2730826443
2731405481
2731466684
2731692168
2732005039
2732263878
2732494055
2732878054
2733011304
2734422438
2734902905
2735302798
2735394667
2735464265
2735492126
2736126213
2736282270
2736753298
2737024925
2737049258
2737783566
2737869930
2738015816
2738060905
2738794491
2739029885
2739283302
2739444737
2739468561
2739515404
2740245533
2740389783
2740454692
2740539229
2740657779
2740787681
2740813235
2741032448
2741075840
2741342987
2741851422
2742374728
2742461681
2743062790
2744630605
2744825947
2744867230
2746158647
2746213928
2746392430
2746505290
2746633993
2746795518
2746810752
2746891648
2746966725
2746988541
2747037645
2747107098
2747168935
2747390191
2747954255
2748054198
2748564236
2749301747
2749427453
2749523040
2749682269
2749841824
2750083246
2750340254
2750743216
2751123384
2751849518
2752884967
2753032546
2753052941
2753514292
2753587986
2753723524
2753945190
2753954977
2754030124
2754727514
2755272962
2756094353
2757189149
2758046703
2758095476
2758977712
2759941075
2760062959
2760270284
2760938003
2761115151
2761481534
2761736308
2762049976
2762089871
2762584972
2762816122
2762863097
2762923986
2764959307
2765031203
2765475628
2765486509
2765545859
2765617196
2765669753
2766276088
2766418069
2766433770
2766473614
2766595432
2766841656
2767106266
2767233119
2767417138
2767470202
2767728653
2768107499
2768678215
2768840446
2769288480
2770441505
2770549682
2770598110
2770931783
2771120019
2771238500
2771320633
2772161355
2772357246
2772848239
2773482789
2773483798
2773529853
2773769369
2773797674
2774979813
2775101143
2776412145
2776702773
2777041260
2777121654
2777819993
2778701439
2778768314
2778832911
2778963797
2779528996
2779613369
2779686858
2780789362
2780795683
2781109412
2781588805
2781945228
2782203837
2782361803
2782513304
2782590875
2782688391
2782826368
2783056465
2783133648
2783175959
2783188878
2783289727
2783324632
2783538092
2783643816
2784469670
2784657240
2784660642
2784938972
2785306851
2786261318
2786867461
2787014506
2787334344
2787433509
2787862562
2787897640
2788265327
2788329968
2788450342
2788542612
2788559172
2788621376
2788637225
2788681993
2788689261
2788888811
2788935809
2789016818
2789043038
2789185567
2789605751
2789625452
2789696260
2790361723
2790450976
2790480503
2790480768
2790983643
2791019330
2791041454
2791125298
2791233326
2791289449
2791317093
2791383760
2791424236
2791486673
2791517640
2791554962
2792105976
2792299046
2792441128
2792515226
2792598338
2792776690
2792914487
2793086897
2793892021
2794741514
2794825309
2795406582
2795542180
2795700327
2795840231
2796730802
2796778563
2796815872
2796969934
2796972844
2797191310
2797698871
2797807590
2797877510
2798301103
2798703836
2798757968
2798811163
2799000741
2799099476
2799329027
2799492095
2799493361
2799661215
2799661619
2799702526
2799920426
2800095758
2800097955
2800372268
2800636810
2800673444
2800763423
2801103663
2801209147
2801231646
2801252684
2802158412
2802370164
2802584309
2802624457
2803203487
2803217581
2803693429
2804769283
2804857580
2805347347
2805661356
2805996879
2806229170
2806233683
2806248215
2806253484
2806299634
2806314246
2806446466
2807061303
2807243231
2807364741
2807515728
2807634054
2808098047
2808643371
2808731798
2809413085
2809456090
2809500914
2809561946
2809669217
2810583925
2810705605
2810727212
2810894761
2811038265
2811171415
2811689400
2812314247
2812326500
2812431689
2812556114
2813023452
2814072705
2814131443
2814428507
2814875145
2815065541
2815775992
2815960524
2816021780
2816058259
2816109469
2816267205
2816296624
2816351802
2816398334
2816424633
2816670832
2816707256
2816720201
2816829258
2817347506
2817419791
2818242406
2818309729
2818846344
2819162204
2819176689
2819457617
2819532191
2819633833
2819773583
2819779290
2819935869
2820031272
2820183275
2820362111
2820473197
2820815826
2821035832
2821190907
2821576271
2821703034
2822785080
2822968075
2823140674
2823459954
2823785436
2824606238
2825000324
2825576347
2825673270
2826044060
2826247753
2826298020
2826499985
2826537667
2826827254
2826828990
2827137862
2827196839
2827345479
2827551522
2827573816
2827818243
2827830288
2827944531
2827967700
2828021500
2828086044
2828199908
2828351767
2828467752
2828580135
2828624117
2828677822
2828780378
2828891159
2829016010
2829073318
2829194386
2829236700
2829332205
2829386795
2829416601
2829487187
2829502783
2829602535
2829606520
2829629344
2829801713
2829851030
2830002216
2830206427
2830231823
2830437775
2830442172
2830929033
2831039259
2831106963
2831237205
2831281803
2831538273
2831561530
2831582847
2832156325
2832184014
2832641224
2832645562
2832816761
2832880376
2832884809
2832996791
2833031531
2833136369
2833270765
2833545966
2833630162
2833784430
2833864084
2834064333
2834497154
2834664207
2834950566
2835005226
2835252667
2835295351
2835383233
2835385836
2835637911
2835662157
2835722282
2835727400
2835755543
2835852794
2835972489
2836069986
2836423867
2836583658
2836734307
2836805531
2836899085
2837608141
2837625065
2837628186
2837834625
2838025642
2838062630
2838400878
2838604572
2839576022
2839764469
2840332351
2840433061
2840609991
2840611837
2840831792
2840919612
2841344233
2841666136
2841693095
2841874554
2842075457
2842231377
2842831447
2843059626
2843558613
2844443719
2845194380
2845228553
2845711720
2846239999
2846440344
2847004588
2847031825
2847156755
2847307393
2847499419
2847502783
2847997916
2848297466
2848374427
2848428880
2848508749
2848554667
2848566282
2848581498
2848613188
2848631250
2848747970
2848873790
2849131247
2849385435
2849469792
2849633862
2849787632
2849922046
2849933556
2849980809
2850087668
2850095997
2850129064
2850236882
2850287668
2850292684
2850630068
2851009734
2851389713
2851528760
2851898024
2852160092
2852735880
2852864156
2853012451
2853182164
2853210678
2853511885
2853816319
2854503066
2854528719
2854540555
2854593912
2854642621
2854908326
2854979088
2855177838
2855317158
2855470873
2855793432
2856074504
2856237511
2856551992
2856783033
2856799562
2856815152
2856853937
2856998966
2857187672
2857380216
2857521740
2857573524
2857635598
2857638832
2857849243
2858233364
2858555820
2858608456
2859183022
2859235922
2859515894
2859985269
2859994380
2860360728
2860364888
2860592306
2860629662
2861031941
2861227896
2861251445
2861404047
2861410497
2861602298
2861634096
2862100549
2862124329
2862193793
2862234944
2862521965
2862602367
2863137769
2863414660
2863487772
2863570448
2863773402
2863795482
2865109538
2865424921
2865597883
2865713853
2865800294
2866032518
2866129821
2866830690
2867506056
2867520581
2867623853
2867916809
2867995555
2868283709
2868311699
2868419334
2868780350
2868906698
2869063603
2869137506
2869312035
2869637576
2869958119
2870318867
2870377590
2871654277
2871697617
2871931410
2873107482
2873434387
2873496351
2874005764
2874193568
2874415893
2874428916
2874441565
2874977779
2876630358
2877050437
2877209651
2877469373
2877945667
2878270364
2878840739
2878869614
2879391745
2879577590
2879731188
2880355680
2880788042
2881192243
2882648688
2882658695
2882812360
2882828004
2883114974
2883366196
2883680524
2884093734
2884676421
2884743321
2884766415
2885158967
2885270668
2885325005
2885640022
2885874247
2886188163
2886687452
2886787459
2888279612
2888564286
2889715258
2890058059
2890334876
2890806228
2891365545
2891411351
2891598682
2891932030
2891960559
2892367551
2892476813
2892600869
2892610817
2892832126
2893047577
2893763073
2894408830
2894531485
2894594544
2895236592
2895946107
2895947473
2896115705
2896446398
2896519449
2896549437
2897200890
2897375422
2899597808
2899658754
2899713352
2900052063
2900152473
2900900262
2901456537
2901755533
2902527164
2902606639
2903106660
2903135890
2903256481
2903488585
2903900210
2904143118
2904431567
2904495242
2905679837
2906051360
2907912768
2907924298
2908462448
2909044496
2909190869
2909591901
2909628275
2909645302
2909950952
2910052627
2910383816
2910420859
2910487616
2912700409
2913215221
2914259447
2914421708
2915864658
2916248672
2917380487
2918739426
2918815647
2922357540
2923762352
2929845360
2931683222
2934648510
2941781366
2956724376
2957004662
2959029462
2962912571
2969402943
2975516295
2976462089
2977012907
2978127906
2981617472
